84.55 85.5 87.4 90.25 95 95 95 95 95 95 95 95 95 95 95 95 95 95 95 95 95 95 95 95 90.25 87.4 85.5 84.55
84.55 85.5 87.4 90.25 95 95 95 95 95 95 95 95 95 95 95 95 95 95 95 95 95 95 95 95 90.25 87.4 85.5 84.55
84.55 85.5 87.4 90.25 95 95 95 95 95 95 95 95 95 95 95 95 95 95 95 95 95 95 95 95 90.25 87.4 85.5 84.55
71.48 73.11 76.39 81.45 90.25 90.25 90.25 90.25 90.25 90.25 90.25 90.25 90.25 90.25 90.25 90.25 90.25 90.25 90.25 90.25 90.25 90.25 90.25 90.25 81.45 76.39 73.11 71.48
71.48 73.11 76.39 81.45 90.25 90.25 90.25 90.25 90.25 90.25 90.25 90.25 90.25 90.25 90.25 90.25 90.25 90.25 90.25 90.25 90.25 90.25 90.25 90.25 81.45 76.39 73.11 71.48
71.48 73.11 76.39 81.45 90.25 90.25 90.25 90.25 90.25 90.25 90.25 90.25 90.25 90.25 90.25 90.25 90.25 90.25 90.25 90.25 90.25 90.25 90.25 90.25 81.45 76.39 73.11 71.48
80.32 81.23 83.03 85.74 90.25 90.25 90.25 90.25 90.25 90.25 90.25 90.25 90.25 90.25 90.25 90.25 90.25 90.25 90.25 90.25 90.25 90.25 90.25 90.25 85.74 83.03 81.23 80.32
80.32 81.23 83.03 85.74 90.25 90.25 90.25 90.25 90.25 90.25 90.25 90.25 90.25 90.25 90.25 90.25 90.25 90.25 90.25 90.25 90.25 90.25 90.25 90.25 85.74 83.03 81.23 80.32
80.32 81.23 83.03 85.74 90.25 90.25 90.25 90.25 90.25 90.25 90.25 90.25 90.25 90.25 90.25 90.25 90.25 90.25 90.25 90.25 90.25 90.25 90.25 90.25 85.74 83.03 81.23 80.32
50.9 52.64 56.22 61.9 72.2 72.2 72.2 72.2 72.2 72.2 72.2 72.2 72.2 72.2 72.2 72.2 72.2 72.2 72.2 72.2 72.2 72.2 72.2 72.2 61.9 56.22 52.64 50.9
50.9 52.64 56.22 61.9 72.2 72.2 72.2 72.2 72.2 72.2 72.2 72.2 72.2 72.2 72.2 72.2 72.2 72.2 72.2 72.2 72.2 72.2 72.2 72.2 61.9 56.22 52.64 50.9
50.9 52.64 56.22 61.9 72.2 72.2 72.2 72.2 72.2 72.2 72.2 72.2 72.2 72.2 72.2 72.2 72.2 72.2 72.2 72.2 72.2 72.2 72.2 72.2 61.9 56.22 52.64 50.9
57.19 58.48 61.11 65.16 72.2 72.2 72.2 72.2 72.2 72.2 72.2 72.2 72.2 72.2 72.2 72.2 72.2 72.2 72.2 72.2 72.2 72.2 72.2 72.2 65.16 61.11 58.48 57.19
57.19 58.48 61.11 65.16 72.2 72.2 72.2 72.2 72.2 72.2 72.2 72.2 72.2 72.2 72.2 72.2 72.2 72.2 72.2 72.2 72.2 72.2 72.2 72.2 65.16 61.11 58.48 57.19
57.19 58.48 61.11 65.16 72.2 72.2 72.2 72.2 72.2 72.2 72.2 72.2 72.2 72.2 72.2 72.2 72.2 72.2 72.2 72.2 72.2 72.2 72.2 72.2 65.16 61.11 58.48 57.19
64.26 64.98 66.42 68.59 72.2 72.2 72.2 72.2 72.2 72.2 72.2 72.2 72.2 72.2 72.2 72.2 72.2 72.2 72.2 72.2 72.2 72.2 72.2 72.2 68.59 66.42 64.98 64.26
64.26 64.98 66.42 68.59 72.2 72.2 72.2 72.2 72.2 72.2 72.2 72.2 72.2 72.2 72.2 72.2 72.2 72.2 72.2 72.2 72.2 72.2 72.2 72.2 68.59 66.42 64.98 64.26
64.26 64.98 66.42 68.59 72.2 72.2 72.2 72.2 72.2 72.2 72.2 72.2 72.2 72.2 72.2 72.2 72.2 72.2 72.2 72.2 72.2 72.2 72.2 72.2 68.59 66.42 64.98 64.26
33.97 35.53 38.8 44.11 54.15 54.15 54.15 54.15 54.15 54.15 54.15 54.15 54.15 54.15 54.15 54.15 54.15 54.15 54.15 54.15 54.15 54.15 54.15 54.15 44.11 38.8 35.53 33.97
33.97 35.53 38.8 44.11 54.15 54.15 54.15 54.15 54.15 54.15 54.15 54.15 54.15 54.15 54.15 54.15 54.15 54.15 54.15 54.15 54.15 54.15 54.15 54.15 44.11 38.8 35.53 33.97
33.97 35.53 38.8 44.11 54.15 54.15 54.15 54.15 54.15 54.15 54.15 54.15 54.15 54.15 54.15 54.15 54.15 54.15 54.15 54.15 54.15 54.15 54.15 54.15 44.11 38.8 35.53 33.97
38.17 39.47 42.16 46.43 54.15 54.15 54.15 54.15 54.15 54.15 54.15 54.15 54.15 54.15 54.15 54.15 54.15 54.15 54.15 54.15 54.15 54.15 54.15 54.15 46.43 42.16 39.47 38.17
38.17 39.47 42.16 46.43 54.15 54.15 54.15 54.15 54.15 54.15 54.15 54.15 54.15 54.15 54.15 54.15 54.15 54.15 54.15 54.15 54.15 54.15 54.15 54.15 46.43 42.16 39.47 38.17
38.17 39.47 42.16 46.43 54.15 54.15 54.15 54.15 54.15 54.15 54.15 54.15 54.15 54.15 54.15 54.15 54.15 54.15 54.15 54.15 54.15 54.15 54.15 54.15 46.43 42.16 39.47 38.17
42.89 43.87 45.83 48.87 54.15 54.15 54.15 54.15 54.15 54.15 54.15 54.15 54.15 54.15 54.15 54.15 54.15 54.15 54.15 54.15 54.15 54.15 54.15 54.15 48.87 45.83 43.87 42.89
42.89 43.87 45.83 48.87 54.15 54.15 54.15 54.15 54.15 54.15 54.15 54.15 54.15 54.15 54.15 54.15 54.15 54.15 54.15 54.15 54.15 54.15 54.15 54.15 48.87 45.83 43.87 42.89
42.89 43.87 45.83 48.87 54.15 54.15 54.15 54.15 54.15 54.15 54.15 54.15 54.15 54.15 54.15 54.15 54.15 54.15 54.15 54.15 54.15 54.15 54.15 54.15 48.87 45.83 43.87 42.89
48.19 48.74 49.82 51.44 54.15 54.15 54.15 54.15 54.15 54.15 54.15 54.15 54.15 54.15 54.15 54.15 54.15 54.15 54.15 54.15 54.15 54.15 54.15 54.15 51.44 49.82 48.74 48.19
48.19 48.74 49.82 51.44 54.15 54.15 54.15 54.15 54.15 54.15 54.15 54.15 54.15 54.15 54.15 54.15 54.15 54.15 54.15 54.15 54.15 54.15 54.15 54.15 51.44 49.82 48.74 48.19
48.19 48.74 49.82 51.44 54.15 54.15 54.15 54.15 54.15 54.15 54.15 54.15 54.15 54.15 54.15 54.15 54.15 54.15 54.15 54.15 54.15 54.15 54.15 54.15 51.44 49.82 48.74 48.19